1
10
13
20
25
27
28
30
32
34
36
41
51
53
55
58
72
86
87
89
90
92
97
112
113
115
118
120
131
132
133
135
136
140
147
156
158
161
164
174
181
185
196
202
204
210
214
216
225
240
250
257
265
272
287
288
291
292
293
301
302
306
307
311
313
317
320
328
332
343
345
347
360
361
364
367
368
373
374
375
378
383
384
388
390
396
402
405
406
410
412
440
445
463
467
473
474
477
478
482
483
488
489
490
491
493
495
496
498
506
514
517
521
527
529
547
551
566
572
574
579
582
587
598
599
607
608
610
622
629
632
633
634
636
637
640
643
645
648
650
653
656
659
663
668
670
671
673
684
685
686
687
701
705
713
715
720
727
728
729
732
740
745
747
752
753
758
759
767
775
776
778
784
794
797
799
810
811
815
817
822
824
825
830
837
844
847
858
866
867
868
886
909
911
913
916
917
920
921
923
927
928
931
933
940
941
942
943
946
947
948
950
955
961
965
969
972
973
990
991
994
995
996
997
998
1003
1018
1019
1027
1029
1030
1036
1043
1044
1047
1048
1051
1053
1054
1062
1063
1104
1107
1108
1109
1122
1123
1133
1134
1137
1140
1146
1159
1163
1176
1179
1180
1182
1183
1184
1185
1192
1193
1209
1211
1213
1232
1234
1235
1236
1238
1262
1263
1268
1269
1284
1291
1295
1300
1310
1315
1326
1327
1339
1345
1346
1347
1352
1357
1358
1361
1368
1369
1370
1371
1373
1375
1376
1379
1387
1389
1399
1401
1404
1407
1408
1420
1427
1431
1438
1439
1444
1447
1452
1455
1462
1470
1474
1476
1478
1479
1485
1488
1489
1493
1497
1501
1503
1506
1510
1513
1514
1515
1521
1534
1535
1536
1537
1538
1545
1551
1558
1572
1573
1579
1583
1591
1592
1595
1602
1608
1618
1627
1634
1638
1641
1643
1644
1646
1647
1649
1652
1655
1669
1676
1677
1678
1717
1727
1730
1736
1738
1741
1742
1743
1745
1756
1762
1763
1770
1774
1776
1786
1788
1798
1806
1807
1808
1812
1815
1819
1822
1828
1837
1838
1842
1843
1857
1869
1870
1875
1880
1891
1892
1893
1907
1908
1909
1910
1912
1915
1938
1939
1949
1952
1955
1958
1960
1965
1967
1974
1975
1977
1978
1984
1994
1995
1996
1999
2001
2004
2009
2018
2019
2022
2033
2038
2040
2043
2044
2045
2047
2049
2050
2051
2053
2056
2059
2060
2063
2066
2067
2072
2073
2074
2077
2078
2086
2091
2100
2101
2115
2116
2120
2131
2138
2146
2165
2168
2169
2178
2181
2184
2186
2192
2195
2203
2214
2217
2222
2235
2241
2242
2245
2247
2249
2250
2252
2253
2257
2258
2262
2266
2271
2273
2277
2281
2298
2301
2303
2304
2305
2306
2307
2309
2310
2314
2315
2316
2324
2330
2334
2335
2342
2350
2353
2356
2357
2487
2512
2516
2519
2525
2528
2538
2539
2549
2555
2557
2568
2571
2574
2576
2579
2580
2589
2615
2617
2621
2623
2627
2637
2639
2647
2653
2657
2661
2664
2674
2677
2681
2683
2687
2703
2705
2706
2707
2713
2717
2729
2734
2735
2736
2738
2740
2742
2744
2747
2766
2768
2771
2773
2778
2780
2784
2786
2794
2799
2805
2819
2820
2822
2823
2826
2830
2832
2834
2842
2844
2847
2848
2859
2862
2864
2874
2875
2877
2889
2891
2892
2896
2903
2905
2907
2908
2914
2917
2923
2938
2941
2949
2952
2959
2960
2965
2967
2968
2969
2971
2975
2980
2984
2987
2990
2992
2993
2998
3002
3005
3007
3009
3013
3024
3029
3033
3039
3045
3052
3055
3059
3061
3064
3066
3071
3073
3081
3082
3084
3090
3092
3098
3101
3107
3108
3109
3112
3115
3118
3119
3121
3122
3126
3142
3146
3149
3155
3157
3161
3163
3164
3170
3171
3176
3184
3195
3199
3200
3201
3204
3214
3216
3221
3224
3226
3227
3237
3238
3239
3242
3248
3249
3257
3267
3268
3269
3274
3280
3284
3290
3303
3312
3316
3320
3329
3337
3346
3355
3361
3364
3371
3376
3385
3386
3394
3397
3398
3399
3416
3418
3423
3425
3428
3430
3434
3440
3443
3444
3446
3454
3455
3459
3467
3481
3482
3484
3488
3489
3491
3512
3552
3559
3561
3562
3565
3569
3572
3577
3587
3588
3590
3603
3606
3608
3613
3614
3620
3622
3623
3626
3630
3632
3646
3652
3654
3659
3663
3664
3671
3672
3676
3681
3683
3687
3694
3697
3704
3709
3710
3716
3727
3739
3742
3745
3748
3756
3759
3762
3763
3767
3768
3770
3772
3773
3775
3777
3783
3785
3788
3790
3795
3800
3801
3803
3805
3806
3810
3813
3817
3818
3822
3823
3827
3833
3834
3836
3843
3848
3850
3853
3857
3860
3861
3868
3888
3897
3899
3906
3911
3915
3916
3918
3920
3929
3930
3932
3933
3934
3949
3955
3957
3963
3988
3990
3996
4004
4005
4008
4009
4012
4015
4019
4026
4034
4043
4050
4051
4052
4053
4056
4066
4068
4071
4072
4081
4092
4094
4099
4101
4102
4103
4107
4113
4118
4126
4128
4129
4133
4139
4146
4147
4151
4155
4158
4159
4161
4163
4168
4171
4172
4189
4190
4191
4193
4201
4204
4205
4212
4224
4234
4236
4238
4247
4250
4253
4258
4259
4261
4281
4283
4284
4285
4294
4295
4298
4308
4311
4317
4321
4324
4326
4335
4336
4345
4352
4355
4356
4358
4430
4432
4438
4477
4482
4485
4493
4496
4508
4512
4515
4522
4528
4536
4547
4548
4584
4585
4593
4599
4600
4601
4602
4603
4615
4622
4633
4638
4640
4643
4654
4661
4664
4669
4671
4673
4675
4678
4681
4683
4685
4690
4691
4692
4694
4695
4700
4710
4712
4715
4718
4719
4722
4728
4731
4744
4747
4751
4752
4753
4756
4760
4762
4775
4776
4778
4779
4790
4792
4794
4802
4811
4818
4821
4825
4828
4829
4836
4837
4843
4846
4852
4855
4857
4860
4867
4869
4878
4880
4883
4891
4898
4899
4905
4907
4908
4909
4916
4917
4920
4922
4938
4942
4943
4958
4974
4975
4990
4994
4999
5002
5004
5018
5024
5026
5027
5042
5048
5049
5050
5052
5063
5066
5069
5076
5079
5093
5101
5104
5105
5110
5118
5128
5133
5141
5142
5143
5145
5146
5148
5153
5159
5163
5164
5166
5172
5175
5178
5184
5189
5190
5196
5201
5202
5204
5207
5208
5211
5212
5218
5222
5229
5238
5245
5253
5256
5257
5261
5264
5266
5275
5291
5292
5293
5296
5298
5304
5310
5321
5322
5326
5328
5330
5332
5337
5338
5340
5352
5356
5357
5358
5361
5364
5365
5366
5367
5368
5375
5376
5378
5394
5407
5408
5409
5413
5423
5425
5426
5427
5428
5429
5430
5434
5435
5436
5438
5439
5442
5443
5453
5457
5467
5468
5469
5470
5471
5475
5476
5480
5493
5506
5507
5509
5514
5523
5526
5529
5532
5534
5536
5545
5553
5554
5558
5563
5566
5569
5573
5581
5587
5589
5590
5592
5593
5594
5595
5601
5603
5604
5608
5618
5625
5631
5634
5646
5648
5653
5654
5688
5692
5701
5706
5713
5715
5720
5724
5729
5733
5734
5737
5738
5739
5746
5757
5770
5771
5778
5780
5790
5791
5792
5793
5797
5801
5805
5806
5810
5826
5833
5836
5858
5867
5868
5871
5881
5889
5900
5905
5908
5909
5911
5915
5917
5919
5923
5924
5927
5928
5930
5932
5950
5957
5966
5968
5971
5978
5980
5981
5982
5987
5997
6004
6005
6016
6038
6045
6049
6050
6091
6096
6100
6101
6119
6120
6121
6125
6128
6129
6134
6144
6155
6157
6158
6161
6164
6166
6176
6181
6185
6192
6193
6196
6204
6206
6223
6224
6230
6233
6238
6239
6242
6258
6259
6262
6286
6288
6289
6293
6304
6323
6329
6330
6339
6343
6345
6346
6347
6351
6356
6359
6360
6364
6366
6372
6374
6375
6376
6383
6385
6392
6399
6401
6404
6407
6418
6421
6439
6440
6452
6457
6468
6469
6472
6476
6477
6487
6489
6498
6510
6511
6514
6518
6519
6523
6526
6530
6531
6535
6539
6541
6545
6548
6553
6555
6557
6561
6564
6565
6569
6570
6571
6572
6576
6591
6594
6595
6601
6605
6606
6611
6615
6618
6623
6636
6640
6646
6647
6649
6650
6654
6656
6658
6659
6666
6672
6675
6677
6687
6688
6690
6691
6692
6694
6698
6704
6706
6709
6711
6716
6718
6720
6721
6722
6725
6727
6737
6741
6745
6748
6751
6752
6753
6767
6769
6774
6777
6778
6780
6782
6787
6811
6833
6834
6835
6837
6838
6854
6861
6863
6878
6883
6885
6891
6904
6905
6910
6913
6915
6916
6919
6921
6926
6932
6938
6940
6957
6990
6992
6998
6999
7001
7003
7005
7011
7014
7018
7020
7021
7023
7030
7031
7036
7039
7041
7044
7046
7057
7059
7064
7069
7073
7074
7076
7077
7080
7082
7087
7091
7095
7098
7105
7125
7130
7136
7137
7138
7148
7153
7162
7164
7165
7169
7173
7185
7186
7188
7201
7204
7205
7216
7249
7252
7257
7259
7275
7278
7286
7289
7291
7292
7293
7297
7299
7311
7317
7320
7325
7326
7345
7350
7363
7366
7369
7371
7386
7388
7391
7403
7409
7412
7416
7421
7422
7423
7433
7434
7442
7450
7453
7454
7455
7461
7472
7473
7474
7478
7481
7483
7486
7499
7511
7525
7528
7535
7536
7538
7543
7551
7554
7565
7566
7568
7579
7597
7625
7633
7637
7638
7675
7678
7681
7690
7694
7695
7697
7699
7702
7703
7706
7710
7716
7718
7727
7732
7739
7745
7753
7763
7764
7766
7767
7768
7776
7781
7783
7786
7813
7818
7844
7846
7849
7855
7871
7884
7915
7917
7920
7923
7938
7941
7942
7978
7979
7980
7991
7993
8013
8031
8034
8079
8089
8091
8100
8111
8115
8120
8128
8131
8148
8161
8174
8175
8189
8190
8208
8209
8216
8224
8241
8242
8263
8266
8277
8289
8290
8292
8293
8301
8309
8310
8314
8320
8321
8322
8326
8338
8342
8344
8346
8351
8354
8356
8358
8359
8361
8363
8370
8383
8386
8387
8388
8392
8395
8404
8405
8408
8409
8417
8419
8427
8428
8434
8443
8444
8445
8450
8455
8462
8464
8473
8482
8491
8505
8506
8528
8532
8549
8559
8560
8564
8565
8568
8572
8574
8575
8611
8612
8618
8626
8633
8636
8643
8644
8646
8651
8658
8662
8663
8666
8667
8672
8683
8685
8687
8688
8689
8694
8697
8698
8701
8702
8703
8704
8705
8706
8707
8721
8722
8724
8729
8733
8738
8740
8741
8743
8744
8745
8747
8749
8774
8777
8780
8789
8800
8817
8818
8833
8836
8842
8857
8859
8861
8874
8877
8890
8895
8898
8904
8908
8909
8910
8912
8913
8927
8932
8933
8938
8941
8971
8995
8997
9013
9021
9027
9038
9044
9048
9051
9057
9060
9061
9068
9074
9092
9093
9097
9100
9112
9117
9118
9122
9125
9136
9139
9143
9145
9146
9148
9149
9172
9179
9181
9191
9196
9197
9201
9203
9213
9215
9229
9231
9241
9244
9245
9249
9254
9261
9262
9266
9270
9271
9274
9276
9283
9287
9290
9293
9294
9306
9308
9313
9314
9318
9320
9324
9325
9329
9333
9334
9337
9340
9342
9348
9350
9351
9353
9356
9361
9362
9365
9371
9373
9377
9380
9382
9391
9394
9398
9399
9401
9403
9411
9415
9416
9419
9425
9429
9435
9441
9442
9443
9444
9445
9453
9454
9456
9468
9472
9474
9475
9476
9481
9491
9496
9498
9499
9506
9507
9508
9509
9513
9514
9517
9524
9527
9529
9530
9533
9535
9536
9538
9546
9559
9563
9573
9582
9585
9587
9612
9615
9620
9625
9628
9630
9632
9636
9640
9643
9648
9649
9651
9655
9662
9687
9693
9698
9702
9703
9705
9706
9719
9722
9727
9730
9731
9735
9737
9741
9744
9749
9753
9757
9760
9761
9762
9770
9775
9776
9781
9782
9784
9785
9790
9791
9792
9793
9797
9798
9801
9804
9818
9819
9820
9825
9832
9837
9841
9842
9859
9860
9862
9867
9874
9877
9879
9882
9890
9891
9892
9898
9899
9901
9902
9915
9919
9920
9922
9923
9926
9929
9934
9936
9941
9943
9946
9949
9953
9957
9958
9962
9963
9965
9966
9980
9985
9993
10000
10002
10004
10007
10011
10018
10022
10024
10026
10036
10039
10043
10044
10046
10047
10048
10050
10053
10063
10068
10072
10081
10086
10095
10107
10110
10133
10136
10138
10139
10140
10143
10146
10147
10148
10150
10152
10154
10157
10159
10163
10165
10172
10178
10190
10193
10196
10203
10204
10210
10214
10215
10219
10221
10224
10226
10227
10233
10239
10249
10251
10257
10260
10261
10266
10269
10276
10278
10282
10284
10287
10289
10291
10308
10311
10314
10319
10321
10325
10335
10336
10342
10343
10361
10362
10363
10370
10379
10385
10388
10393
10396
10398
10399
10400
10403
10411
10418
10426
10427
10436
10451
10454
10455
10459
10462
10463
10464
10474
10478
10480
10483
10490
10492
10498
10499
10501
10507
10534
10535
10540
10541
10544
10551
10565
10566
10569
10572
10575
10586
10588
10598
10603
10613
10617
10618
10623
10627
10630
10633
10636
10637
10640
10641
10642
10644
10647
10648
10652
10658
10668
10669
10672
10677
10682
10688
10690
10694
10713
10715
10718
10720
10723
10725
10728
10739
10743
10745
10747
10750
10755
10763
10767
10768
10773
10780
10793
10794
10798
10802
10809
10811
10815
10818
10840
10841
10844
10845
10856
10858
10859
10867
10868
10869
10882
10888
10890
10894
10900
10902
10905
10906
10908
10919
10921
10926
10927
10930
10938
10950
10952
10953
10954
10964
10965
10975
10979
10982
10983
10993
10998
11000
11004
11007
11012
11023
11025
11033
11034
11035
11044
11047
11059
11061
11069
11073
11074
11079
11083
11091
11092
11097
11099
11112
11113
11130
11142
11144
11152
11155
11160
11161
11169
11171
11172
11176
11177
11180
11186
11189
11196
11213
11219
11221
11222
11227
11231
11238
11249
11259
11261
11262
11267
11283
11313
11321
11325
11326
11333
11337
11338
11342
11344
22801
22809
22818
22821
22824
22834
22836
22839
22843
22844
22845
22848
22849
22853
22856
22858
22862
22870
22873
22875
22883
22884
22899
22905
22907
22908
22921
22931
22934
22938
22954
22981
22984
22986
22992
22996
23002
23007
23011
23035
23037
23043
23049
23053
23057
23060
23070
23076
23080
23081
23093
23094
23095
23097
23099
23101
23105
23107
23108
23111
23113
23126
23129
23131
23137
23144
23150
23152
23157
23158
23163
23164
23167
23174
23178
23187
23191
23195
23196
23199
23204
23205
23208
23212
23213
23215
23219
23220
23225
23230
23232
23234
23236
23237
23246
23248
23250
23251
23253
23254
23262
23264
23269
23277
23279
23284
23286
23299
23303
23304
23305
23314
23318
23321
23324
23325
23333
23336
23338
23348
23360
23361
23362
23368
23373
23376
23378
23384
23395
23398
23405
23406
23410
23412
23415
23424
23428
23430
23431
23438
23446
23451
23457
23464
23467
23468
23471
23473
23484
23492
23510
23512
23513
23527
23538
23541
23543
23544
23545
23548
23556
23557
23559
23569
23576
23586
23600
23601
23603
23616
23632
23633
23635
23636
23637
23640
23647
23658
23660
23671
23682
23704
23741
23743
23753
23759
23762
23765
23769
23770
23779
23787
24140
24145
24149
25758
25764
25769
25770
25778
25788
25790
25791
25792
25798
25800
25801
25803
25816
25820
25828
25831
25833
25836
25840
25844
25854
25855
25862
25870
25871
25876
25893
25897
25901
25902
25912
25926
25928
25930
25940
25948
25950
25957
25959
25960
25963
25979
25981
25983
25987
25988
25989
25992
25994
26001
26003
26007
26010
26012
26018
26027
26032
26033
26034
26039
26040
26050
26052
26053
26060
26064
26071
26084
26090
26093
26098
26103
26123
26140
26149
26151
26152
26154
26191
26206
26211
26224
26230
26233
26245
26269
26273
26275
26278
26279
26284
26289
26472
26476
26499
26502
26505
26507
26511
26512
26517
26524
26526
26531
26539
26577
26578
26580
26608
26609
26648
26659
26707
26740
26750
26872
26994
26995
26999
27006
27019
27023
27030
27031
27035
27044
27063
27069
27074
27075
27076
27085
27087
27095
27129
27130
27131
27136
27141
27145
27146
27152
27156
27161
27163
27164
27166
27179
27180
27197
27201
27202
27230
27236
27240
27244
27248
27252
27254
27257
27283
27286
27290
27293
27297
27301
27302
27314
27315
27324
27329
27332
27339
27341
27347
27349
27439
27445
28511
28951
28965
28968
28976
28977
28982
28992
29028
29058
29062
29063
29066
29070
29078
29083
29085
29088
29097
29100
29106
29110
29117
29118
29119
29763
29777
29781
29785
29800
29802
29881
29882
29888
29889
29890
29895
29899
29902
29904
29915
29916
29925
29928
29933
29934
29941
29942
29944
29948
29949
29957
29959
29968
29970
29985
29986
29990
29991
29993
29994
29997
30000
30010
30012
30811
30812
30816
30819
30835
30844
30848
30849
30851
50511
50512
50515
50615
50636
50717
50804
50814
50831
50835
50839
50853
50861
50865
50939
51003
51008
51009
51010
51011
51012
51013
51015
51018
51019
51021
51024
51026
51027
51031
51046
51060
51061
51062
51066
51071
51075
51077
51078
51082
51088
51090
51092
51104
51108
51112
51115
51121
51122
51123
51126
51134
51135
51136
51143
51156
51160
51163
51166
51171
51172
51174
51176
51181
51182
51192
51195
51200
51204
51205
51208
51213
51226
51228
51232
51233
51236
51241
51244
51250
51259
51264
51266
51267
51271
51274
51287
51290
51292
51294
51301
51305
51306
51309
51316
51322
51327
51335
51337
51338
51351
51360
51361
51365
51366
51372
51384
51385
51430
51435
51438
51447
51450
51473
51478
51490
51497
51503
51506
51510
51512
51513
51514
51517
51526
51531
51545
51547
51554
51561
51562
51585
51593
51594
51599
51603
51604
51606
51611
51621
51639
51643
51661
51669
51693
51701
51710
51720
51729
51733
51738
51750
51752
51802
51806
51807
53342
53343
53346
53347
53349
53358
53373
53616
53632
53635
53637
53820
53831
53838
53842
53904
53905
53916
53919
53942
53947
53981
54014
54058
54101
54103
54106
54107
54187
54209
54210
54221
54328
54346
54386
54413
54429
54431
54432
54437
54438
54439
54440
54453
54454
54460
54461
54462
54463
54467
54471
54476
54477
54482
54487
54494
54496
54497
54498
54499
54510
54512
54514
54521
54531
54535
54544
54554
54556
54558
54566
54575
54602
54606
54622
54623
54627
54659
54665
54707
54732
54733
54742
54751
54754
54756
54763
54765
54768
54778
54780
54795
54798
54814
54816
54820
54821
54832
54834
54840
54841
54842
54851
54852
54854
54860
54861
54866
54867
54869
54874
54875
54887
54888
54894
54896
54897
54898
54900
54901
54903
54905
54910
54916
54923
54926
54932
54933
54942
54952
54953
54954
54955
54957
54958
54965
54977
54981
54985
54987
54988
54991
54995
54998
55003
55006
55013
55014
55017
55020
55032
55034
55038
55048
55051
55061
55062
55064
55075
55095
55105
55108
55110
55111
55112
55113
55114
55120
55127
55138
55140
55145
55149
55150
55153
55159
55161
55163
55165
55168
55170
55175
55177
55181
55192
55200
55203
55206
55214
55217
55218
55222
55223
55233
55237
55238
55239
55240
55243
55245
55251
55252
55254
55257
55259
55262
55266
55273
55275
55283
55285
55290
55299
55316
55317
55325
55341
55346
55347
55352
55364
55366
55388
55390
55423
55454
55501
55508
55510
55511
55526
55530
55531
55544
55554
55559
55571
55572
55577
55578
55589
55596
55599
55608
55616
55619
55620
55628
55629
55651
55653
55655
55656
55657
55658
55665
55669
55676
55681
55683
55684
55695
55698
55701
55720
55722
55731
55732
55733
55734
55737
55739
55742
55752
55755
55762
55763
55765
55768
55769
55773
55776
55783
55784
55785
55789
55794
55808
55810
55811
55813
55830
55831
55833
55851
55856
55857
55861
55862
55863
55867
55869
55872
55876
55888
55890
55904
55906
55915
55930
55937
55957
55958
55959
55972
55973
55974
56000
56005
56062
56063
56097
56099
56123
56126
56131
56134
56136
56140
56154
56159
56160
56163
56164
56169
56171
56180
56181
56243
56246
56252
56257
56262
56300
56302
56311
56339
56342
56413
56474
56548
56606
56647
56652
56658
56667
56673
56681
56683
56729
56884
56889
56894
56898
56899
56902
56911
56913
56914
56923
56924
56934
56942
56943
56961
56967
56981
56985
56986
56987
56994
56997
57001
57007
57010
57017
57045
57046
57047
57060
57085
57089
57096
57106
57110
57111
57113
57120
57125
57134
57136
57150
57159
57162
57172
57175
57178
57180
57198
57226
57325
57335
57337
57338
57348
57379
57380
57396
57402
57404
57406
57415
57446
57448
57459
57462
57465
57467
57470
57471
57473
57474
57477
57479
57480
57481
57482
57484
57492
57494
57496
57501
57505
57507
57508
57510
57512
57520
57528
57529
57531
57533
57534
57535
57538
57541
57545
57546
57552
57556
57558
57563
57567
57569
57573
57576
57577
57579
57586
57591
57592
57597
57602
57604
57605
57608
57609
57614
57616
57619
57624
57628
57642
57643
57645
57647
57655
57673
57674
57679
57689
57690
57691
57705
57707
57709
57711
57717
57718
57761
57786
57817
57819
57820
57835
57862
57876
58189
58190
58191
58473
58475
58484
58486
58493
58497
58498
58499
58505
58516
58526
58531
58533
59084
59272
59277
59283
59285
59340
59349
59352
60313
60370
60385
60436
60437
60484
60488
60489
60492
60559
60560
60625
60672
60681
60682
60685
63874
63876
63877
63894
63904
63905
63915
63920
63931
63933
63935
63947
63950
63970
63971
64005
64062
64064
64072
64080
64089
64090
64092
64097
64098
64100
64109
64121
64123
64135
64137
64170
64172
64180
64210
64216
64218
64220
64221
64225
64231
64241
64320
64324
64326
64359
64393
64398
64405
64412
64417
64419
64421
64423
64427
64431
64434
64506
64518
64577
64582
64699
64746
64755
64759
64761
64762
64763
64769
64776
64778
64782
64786
64841
64847
64849
64852
64855
64859
64860
64863
64881
64900
64928
64943
64949
64975
64976
64978
64981
64983
65003
65057
65065
65084
65124
65243
65251
65263
65267
65944
65979
65983
65985
65987
65988
65993
65999
66004
66005
66037
78994
78996
78997
79003
79006
79012
79025
79036
79038
79039
79047
79048
79056
79057
79074
79078
79081
79084
79085
79086
79096
79139
79140
79144
79148
79156
79170
79175
79176
79183
79269
79345
79346
79365
79366
79400
79412
79413
79465
79473
79482
79549
79567
79570
79571
79576
79586
79587
79589
79591
79594
79598
79605
79616
79621
79622
79623
79624
79626
79637
79639
79643
79644
79645
79648
79650
79654
79674
79675
79676
79680
79685
79689
79692
79694
79695
79696
79697
79701
79706
79711
79714
79723
79726
79730
79739
79770
79792
79802
79805
79807
79809
79812
79813
79825
79832
79833
79836
79837
79838
79841
79845
79847
79849
79850
79864
79866
79870
79884
79891
79892
79901
79908
79917
79918
79921
79922
79923
79932
79935
79948
79957
79962
79966
79968
79981
79989
79991
79993
79998
80000
80004
80008
80010
80012
80018
80022
80023
80032
80034
80036
80059
80086
80097
80108
80114
80133
80142
80144
80150
80153
80162
80174
80176
80179
80183
80184
80195
80196
80213
80218
80221
80227
80235
80237
80267
80274
80298
80306
80312
80315
80317
80319
80326
80328
80331
80333
80343
80345
80709
80725
80726
80736
80759
80764
80775
80821
80832
80835
80851
80852
80854
80895
80896
81030
81033
81034
81035
81037
81050
81061
81127
81248
81282
81327
81341
81442
81448
81458
81470
81502
81551
81556
81562
81567
81570
81573
81603
81606
81607
81608
81610
81614
81620
81628
81629
81631
81706
81786
81793
81797
81846
81849
81855
81856
81889
81890
81892
81928
83439
83442
83446
83447
83451
83461
83464
83468
83481
83543
83547
83548
83552
83592
83604
83605
83606
83607
83608
83637
83638
83641
83643
83657
83660
83667
83693
83695
83699
83707
83715
83723
83729
83732
83734
83742
83755
83756
83787
83795
83844
83849
83852
83853
83854
83855
83857
83861
83871
83872
83876
83877
83881
83888
83889
83890
83894
83895
83897
83899
83903
83930
83932
83937
83942
83989
83998
84002
84060
84065
84067
84076
84078
84079
84081
84083
84084
84100
84107
84108
84125
84134
84138
84166
84176
84179
84187
84189
84190
84191
84225
84230
84243
84246
84249
84253
84254
84260
84262
84263
84265
84266
84268
84270
84273
84275
84277
84280
84288
84292
84294
84302
84303
84305
84307
84309
84312
84318
84324
84327
84334
84336
84376
84432
84433
84440
84451
84455
84456
84464
84498
84501
84502
84504
84516
84517
84519
84524
84530
84539
84545
84547
84548
84549
84552
84560
84569
84614
84617
84618
84627
84632
84641
84645
84647
84649
84650
84659
84660
84661
84662
84665
84666
84674
84675
84684
84692
84693
84694
84698
84699
84705
84725
84727
84735
84759
84775
84787
84817
84823
84826
84838
84842
84861
84864
84867
84868
84871
84874
84876
84878
84879
84888
84894
84900
84902
84904
84910
84922
84929
84932
84938
84939
84944
84947
84948
84954
84957
84960
84970
84978
84985
84993
85002
85004
85014
85015
85025
85294
85300
85352
85397
85407
85409
85413
85416
85437
85443
85446
85449
85451
85452
85457
85464
85479
85480
88455
89765
89780
89782
89801
89845
89866
89876
89884
89890
89944
90060
90070
90120
90134
90141
90226
90273
90313
90317
90326
90332
90342
90353
90407
90410
90480
90485
90525
90527
90529
90557
90594
90639
90655
90668
90673
90693
90780
90806
90826
90843
90850
90861
90874
90933
90952
90987
91057
91137
91368
91408
91452
91544
91603
91614
91646
91661
91694
91746
91748
91749
91752
91782
91801
91833
91860
91862
91869
92002
92017
92106
92126
92129
92235
92291
92292
92305
92400
92421
92591
92595
92609
92667
92691
92714
92715
92736
92749
92799
92815
92906
92922
92979
92999
93058
93081
93109
93273
93323
93436
93492
93589
93627
93650
93664
93979
94026
94031
94056
94107
94120
94121
94122
94134
94235
96459
96764
112398
112476
112611
112817
112840
112869
112937
112942
112970
113000
113146
113177
113220
113230
113246
113263
113278
113402
113419
113730
113791
113802
113828
114026
114034
114088
114131
114294
114327
114571
114609
114769
114784
114785
114786
114787
114788
114790
114805
114815
114818
114836
114882
114883
114898
114926
114928
115019
115286
115350
115362
115703
115727
115749
115761
115795
115817
115827
115861
115992
116064
116092
116143
116159
116173
116224
116254
116328
116337
116369
116372
116443
116535
116832
116843
116984
116985
117155
117159
117194
117196
117245
117286
117289
117531
118442
118460
118472
118491
118663
118672
118812
118932
118987
119395
119548
119678
119682
119694
119749
119764
119772
120065
120066
120071
120114
120146
120224
120227
120586
120793
120824
120863
120935
121006
121227
121260
121273
121278
121506
121551
121665
122046
122183
122481
122509
122525
122616
122651
122786
122809
122876
122970
123016
123041
123169
123283
123688
123775
123803
123904
123920
123970
124152
124220
124222
124245
124359
124411
124446
124454
124460
124512
124535
124540
124590
124626
124637
124641
124790
124801
124808
124857
124923
124925
124935
124944
124995
124997
125111
125228
125336
125704
125875
125931
125963
126003
126075
126119
126205
126259
126272
126328
126370
126375
126382
126432
126520
126549
126637
126969
127002
127018
127066
127253
127255
127343
127495
127544
127617
127623
127670
127845
128344
128346
128366
128367
128387
128408
128486
128497
128602
128637
128646
128853
129138
129446
129450
129530
129642
129804
130026
130120
130340
130497
130540
130560
130752
130916
130951
131076
131177
131540
132112
132204
132332
132430
132612
132954
133022
133308
133383
133584
133874
133923
134121
134187
134265
134266
134359
134510
134549
134957
135114
135152
135154
135886
135927
135932
135948
136157
136263
136371
136853
136895
137209
137492
137682
137835
137902
138009
138046
138151
138255
138307
138474
138639
138715
138802
138804
138881
138883
139170
139189
139212
139324
139341
139422
139604
139804
140453
140456
140460
140467
140564
140578
140596
140689
140691
140706
140710
140711
140730
140731
140735
140738
140767
140807
140809
140823
140832
140838
140850
140856
140881
140893
142680
142686
142689
142827
143187
143279
143502
143684
143903
144108
144124
144132
144321
144347
144348
144402
144423
144448
144535
144608
144717
144809
144983
145226
145264
145282
145447
145497
145853
145942
146059
146177
146212
146279
146325
146378
146395
146429
146433
146540
146542
146712
146760
146779
146822
146845
146850
146852
146909
146923
147007
147040
147183
147323
147409
147645
147694
147700
147710
147741
147837
148003
148203
148206
148229
148268
148398
148423
148523
148534
148581
148641
148738
148741
148811
148870
149013
149069
149111
149175
149281
149371
149603
149628
149699
149954
150160
150280
150365
150372
150379
150465
150472
150590
150681
150737
150921
150946
151056
151188
151230
151246
151254
151473
151507
151516
151636
151651
151790
151835
151871
151888
151963
151987
152405
152503
152518
152687
152789
152816
152831
152940
153090
153129
153218
153527
153579
153642
153657
153733
153743
153768
154064
154288
154661
154865
155006
155054
155061
155066
155185
157313
157378
157567
157695
157753
157848
157869
158046
158062
158131
158158
158219
158234
158471
158506
158584
158586
158724
158747
158763
158787
158798
158833
159119
159686
159989
160140
160335
160364
160365
160419
161003
161142
161253
161357
161394
161424
161779
161823
162282
162387
162466
162494
162963
162966
162967
162989
163154
163183
163479
163486
163688
163782
163786
163933
164127
164153
164237
164284
165186
165545
165679
165918
166348
166378
166785
167555
167681
167838
168002
168620
168850
168975
169026
169044
169436
169522
169693
169714
170302
170371
170392
170463
170506
170589
170591
170627
170680
170692
170712
170825
170958
170961
171019
171169
171392
171482
171483
171586
192668
192683
195814
195828
196074
196383
196394
196441
196500
196528
196541
196740
196743
197021
197135
197358
199223
199675
199704
199731
199777
199800
199834
199920
199990
200014
200035
200132
200150
200159
200162
200312
200316
200523
200558
200728
200734
200845
200909
200933
200942
201163
201164
201305
201475
201501
201516
201595
201725
201799
201895
201965
202051
202151
202333
202915
203062
203068
203074
203076
203102
203111
203197
203259
203286
203413
203430
203447
203522
203523
203547
203562
203569
204851
205251
205717
205860
219348
219409
219437
219438
219469
219473
219477
219479
219482
219493
219537
219539
219654
219770
219771
219790
219869
219875
219899
219954
219956
219958
219959
219965
219988
219995
220002
220004
220042
220108
220323
220416
220441
220869
220963
221035
221037
221044
221078
221120
221143
221154
221223
221264
221301
221322
221336
221424
221477
221806
221895
222068
222183
222223
222234
222235
222255
222545
222546
222553
222584
222662
222663
222696
222826
222894
222967
223075
245711
245812
245909
245915
245934
246184
246744
252884
253152
253430
253461
253559
253635
253639
253650
254122
254240
254251
254263
254295
254359
254394
254439
254528
254531
254552
254950
254973
255027
255061
255101
255104
255275
255394
255488
255520
255762
255783
256076
256126
256223
256281
256297
256302
256309
256380
256394
256435
256646
256691
256949
256979
256987
257062
257068
257101
257106
257160
257169
257236
257407
257629
259215
259217
259230
259239
259282
259287
259291
259295
259307
260434
261729
266665
266675
267012
280658
282679
282969
282973
283093
283189
283209
283212
283254
283284
283298
283310
283358
283373
283375
283377
283417
283446
283514
283571
283617
283629
283635
283685
283694
283742
283748
283768
283847
283849
283951
283953
283971
283989
284001
284013
284018
284058
284207
284252
284325
284346
284371
284382
284390
284403
284406
284417
284427
284433
284451
284467
284485
284541
284613
284680
284739
284827
284904
284958
284992
284996
285126
285141
285190
285220
285237
285282
285331
285386
285440
285498
285601
285676
285704
285753
285800
285855
285888
285971
286006
286046
286097
286148
286151
286234
286336
286343
286362
286451
286826
286887
287015
317649
317749
317762
319089
326624
326625
333926
333929
337867
337878
337879
337880
337959
337967
337978
338321
338323
338324
338339
338398
338440
338442
338557
338567
338645
338667
338692
338751
338755
338761
338785
338879
338949
339145
339416
339451
339487
339488
339500
339768
339804
339834
339855
339967
339976
340146
340156
340205
340351
340419
340529
340533
340578
340596
340602
340654
340719
340980
341019
341350
341405
341799
341883
342357
342538
342618
342865
342908
343068
343069
343171
343406
343563
343637
343930
344167
344561
344752
344805
344892
344901
345611
345630
345651
345778
345895
346562
347344
347404
347411
347454
347475
347516
347730
347734
347853
347862
348093
348174
348235
348262
348303
348801
348807
348938
349149
349334
353116
353142
353143
353144
353267
353274
353299
353345
353500
353513
353514
360200
360226
373863
374355
374383
374403
374654
374768
374819
374860
374864
374882
374887
374897
374899
374918
374920
374977
375190
375287
375316
375387
375449
375611
375748
376132
376497
377007
377630
378948
386617
386676
386679
386681
386685
386724
386746
387266
387338
387509
387597
387601
387700
387733
387755
387815
387849
387856
387885
387890
387893
387923
387990
388021
388125
388272
388325
388327
388336
388389
388403
388419
388523
388524
388531
388536
388552
388553
388566
388567
388611
388630
388662
388698
388761
389015
389072
389075
389084
389124
389152
389203
389289
389332
389400
389432
389493
389558
389658
389792
389799
389813
389827
389840
389857
389903
389941
390031
390033
390064
390077
390082
390093
390110
390144
390154
390162
390181
390197
390231
390245
390260
390265
390271
390313
390437
390439
390443
390616
390882
390883
390937
390999
391002
391059
391107
391114
391194
391195
391365
391714
391723
391742
391769
392255
392307
392376
392391
392433
392509
392862
399474
399512
399687
399694
399818
399967
399968
399979
400224
400258
400499
400506
400668
400818
400961
400986
401036
401067
401081
401115
401138
401145
401207
401250
401399
401494
401562
401613
401647
401665
401666
401934
401944
401993
402055
402117
402160
402573
403277
403313
403314
404217
404552
405754
407977
408187
408263
414059
414189
414918
414919
425054
440093
440097
440107
440163
440243
440279
440353
440498
440519
440561
440603
440686
440738
440854
440955
440956
441027
441250
441273
441308
441314
441315
441323
441376
441381
441452
441495
441519
441521
441608
441669
441670
441873
441925
442038
442197
442590
445372
448834
474343
474344
474384
494143
497189
497190
497661
503614
503618
503627
541578
548644
552891
553115
594857
606495
619189
619207
619208
619373
641372
641517
642475
642574
642636
642799
642938
642968
643136
643311
643382
643641
643669
643677
643707
643812
643836
643853
643905
644070
644139
644168
644538
645027
645104
645121
645359
645402
645545
645811
646066
646424
646457
646486
646627
646658
646754
647060
647087
647166
647174
647219
647286
647309
647310
648791
649238
653121
653192
653269
653282
653404
653464
653486
653505
653509
653519
653657
653808
654254
654364
692094
723790
724066
727832
727837
727866
727897
727910
727936
728049
728072
728082
728116
728132
728226
728279
728294
728317
728340
728358
728419
728524
728588
728597
728695
728743
728753
728911
729020
729025
729059
729233
729246
729431
729440
729442
729447
729458
729528
729665
729830
729852
729857
729873
729956
729967
729974
729991
730005
730094
730098
730291
731220
768211
780776
100033411
100049587
100101267
100101467
100101490
100101629
100125288
100127206
100128569
100128908
100129128
100129278
100129407
100129480
100129669
100129842
100130301
100130302
100130311
100130348
100130733
100130771
100130933
100130958
100131137
100131187
100131439
100131801
100131902
100132304
100132386
100132463
100132565
100132994
100133053
100133267
100133941
100134938
100169851
100170841
100271846
100287045
100287144
100287441
100287520
100287898
100287932
100288520
100288695
100288842
100288966
100289087
100302652
100302736
100303755
100310812
100329135
100381270
100419008
100419780
100421372
100423062
100505385
100505478
100505841
100505989
100506084
100506243
100506564
100506658
100506736
100507055
100507096
100507170
100507221
100507290
100507421
100507537
100507588
100507607
100507608
100526693
100526739
100526740
100526771
100526772
100526783
100527943
100528021
100529097
100529241
100529257
100529261
100532731
100533467
100533952
100652748
100652824
100653133
100820829
100996521
100996709
100996746
100996750
100996763
101059918
101059938
101060200
101060301
101060351
101060389
101060684
101927180
101927685
101928527
101928601
101929469
101929775
101929926
101929937
102288414
102723532
102723547
102723553
102723564
102723631
102723680
102723713
102723737
102724023
102724127
102724197
102724250
102724334
102724536
102724652
102724877
102725035
102800317
105369274
105369591
105369787
105370706
105371045
105371216
105371253
105372280
105373091
105373377
105373989
105374298
105375107
105375816
105375817
105375947
105376714
105377015
105377321
105378220
105378696
105378952
105379417
105379522
105379554
106821730
107080644
107983958
107983983
107983987
107983993
107984876
107985876
107986373
107986800
107987004
107987020
107987269
107987292
107987425
107987457
110117498
110806280
110806290
110806296
111064647
111188157
111216276
112267897
112267968
112268016
112268044
112268067
112268070
112268080
112268260
112268293
112268307
112268330
112268342
112268355
112268362
112268458
112441429
112441431
112488740
112488747
112577461
112577462
112577516
114483833
115253422
116033993
117134596
117134598
118142757
120356739
120766137
122394732
124188259
124900173
124900275
124900276
124900301
124900388
124900418
124900569
124900571
124900597
124900628
124900630
124900641
124900642
124900752
124900839
124900986
124900992
124900994
124900997
124900998
124901001
124901030
124901105
124901229
124901299
124901350
124901418
124901446
124901449
124901644
124901646
124901649
124901797
124901818
124901866
124901868
124902050
124902135
124902361
124902392
124902393
124902420
124902436
124902528
124902531
124902601
124902602
124902693
124902738
124902928
124902942
124903130
124903164
124903206
124903229
124903233
124903276
124903319
124903372
124903377
124903391
124903441
124903442
124903470
124903496
124903544
124903566
124903573
124903621
124903680
124903723
124903725
124903734
124903754
124903766
124903828
124903857
124903972
124904200
124904228
124904253
124904396
124904411
124904581
124904660
124904708
124904770
124904792
124904903
124904927
124904942
124904950
124905051
124905139
124905153
124905155
124905230
124905300
124905330
124905344
124905345
124905352
124905357
124905372
124905377
124905411
124905413
124905416
124905442
124905466
124905476
124905539
124905565
124905566
124905618
124905623
124905664
124905666
124905682
124905733
124905939
124905977
124906005
124906086
124906092
124906241
124906262
124906399
124906409
124906411
124906416
124906479
124906482
124906484
124906485
124906488
124906491
124906493
124906495
124906497
124906603
124906620
124906625
124906629
124906635
124906636
124906649
124906654
124906663
124906668
124906671
124906675
124906701
124906702
124906703
124906704
124906711
124906717
124906721
124906729
124906740
124906746
124906760
124906767
124906780
124906782
124906791
124906793
124906796
124906837
124906857
124906875
124906931
124906938
124906954
124906959
124906971
124906987
124906991
124907096
124907100
124907352
124907405
124907420
124907423
124907501
124907512
124907524
124907566
124907780
124907789
124907808
124907837
124907846
124907867
124907928
124908013
124908015
124908044
124908046
124908066
124908082
124908083
124908089
124908130
124908143
124908169
124908444
124908534
124908558
124908978
124908979
124908980
124909015
124909093
124909293
124909294
124909439
124909461
125316803
125467750
127739546
127898555
127903862
128092247
128125816
128462377
128966555
128966568
128966581
128966597
128966598
128966604
128966607
128966625
128966634
128966637
128966655
128966672
128966673
128966677
128966688
128966691
128966709
128966723
128966727
128966728
128966729
128966733
128966736
128966742
128966759
128966772
128966781
128966784
130160541
130160543
130160548
133039973
133834869
134826889
139355219
144093364
144667540
