58
328
1108
1137
1408
1643
1647
1763
2067
2072
2073
2074
2138
2967
2968
3146
4068
4171
4438
4683
4792
4869
5378
5426
5429
5438
5688
5692
5706
5810
5889
5932
5980
5982
6091
6119
6418
6421
6861
7320
7486
8091
8505
9112
9149
9306
9325
9401
9874
9985
10039
10463
10535
10856
11034
11044
11069
11073
11144
11169
22992
23126
23174
25788
25836
25988
26033
27301
27339
29890
29997
30849
51366
51750
54778
54780
54821
54840
55120
55159
55170
55317
55732
55734
56160
56262
58493
64859
78996
79621
80010
81570
83695
83932
84083
84464
84787
84954
85015
85352
90557
92667
92815
94056
120863
126549
127002
151636
165918
200558
219875
221120
254394
254528
342908
374864
375748
388536
728340
100133053
