306
463
566
640
671
713
728
867
972
1051
1326
1493
1521
1776
1967
2674
2794
2896
3045
3119
3559
3572
3603
3623
3630
3676
3806
4261
4345
4690
4775
4792
5133
5142
5175
5266
5292
5298
5468
5595
5692
5724
5806
5909
5987
6038
6376
6404
6421
6838
7098
7186
7551
7554
8342
8575
8698
8741
8818
8995
9021
9533
9770
10107
10148
10321
10385
10603
10739
10743
10890
23376
25926
26472
27347
29110
30835
51010
51290
51561
51752
55863
56342
57007
60489
64005
64218
79269
79807
79908
84694
84868
84929
85480
90987
96459
113230
114836
115350
115362
115727
118460
124411
130120
134266
146850
149628
165918
169026
203522
256987
259239
338398
344167
388552
390265
441521
692094
117134596
124902602
