328
948
1232
1370
1444
1965
2301
2657
2683
2823
3484
3756
3759
4146
4253
4352
4548
4756
4790
5261
5328
5430
5493
5966
6238
6748
6891
7057
7073
7739
8031
8383
8405
9475
9859
9923
9993
10541
10575
10623
10768
11033
11155
11231
23324
23787
25981
26032
26060
27146
27324
27347
29904
30010
51360
51752
54439
54852
55170
55608
55657
56257
56606
56889
56924
57484
57531
57655
65243
66004
79039
79048
79884
80764
84125
84432
84560
84838
84970
91752
92691
112937
118812
120586
129804
135886
138307
147710
148741
161142
201725
201965
205251
221078
221301
221477
254950
259217
283635
340602
353267
374918
389941
391107
401115
440353
448834
643136
647286
653269
729020
100130933
100132386
105379417
114483833
124903723
124905344
124906411
124906620
124908978
