328
343
648
727
1182
1213
1488
2146
2356
2747
3061
3221
3654
3745
4151
4259
4508
4601
4776
4852
5296
5408
5692
5729
5911
6176
6364
6649
6677
6787
6861
7082
7201
7311
7320
7678
7703
7941
7991
8724
9442
9499
9687
9705
9953
10146
10362
10379
10398
10636
10739
22818
23208
23230
23251
23279
23671
26531
27085
29083
51271
51503
51606
51720
54627
54888
55062
55572
55762
55830
56413
57674
57786
79346
81341
81562
81628
81793
83871
84263
84275
84376
84519
84617
84842
84868
93109
112937
113828
118932
119749
130951
139341
148641
170958
203062
219956
219988
222234
254528
255762
283375
284371
343069
343930
347411
353267
388419
389658
400499
401665
414189
441521
730094
107983983
107987292
124900597
124906931
124908015
128966625
